1 1
11 1001

1 1
2 11
11 121
101 10201
201 11111
202 112211
112 122221
1001 1002001
1201 1120211
2002 11022011
10001 100020001
22001 101212101
21011 122111221
10221 1012112101
20002 1100220011
100001 10000200001
102001 10111011101

1 1
11 121
101 10201
111 12321
1001 1002001
3101 1032301
3011 1223221
10001 100020001
10101 102030201
12101 103101301

1 1
2 4
11 121
101 10201
111 12321
132 114411
1001 1002001
1111 1234321

1 1
2 4
11 121
101 10201
111 12321
402 42424
132 102201
1001 1002001
1111 1234321

1 1
2 4
4 22
11 121
31 202
41 232
62 1111
44 2662
55 4444
101 10201
111 12321
121 14641
341 24442
613 134431
404 224422

1 1
2 4
3 11
6 44
11 121
31 171
33 1331
101 10201
111 12321
711 14141
121 14641
321 15351
303 112211
333 135531
553 155551

1 1
2 4
11 121
22 484
101 10201
111 12321
121 14641
202 40804

1 1
2 4
3 9
11 121
22 484
62 676
101 10201
111 12321
121 14641
202 40804
212 44944
462 69696

1 1
2 4
3 9
6 33
11 121
22 484
42 565
66 3993
77 5335
101 10201
111 12321
121 14641
202 40804
212 44944
432 53535

1 1
2 4
3 9
11 121
22 484
101 10201
111 12321
121 14641
B21 16661
131 16B61
202 40804
402 41414

1 1
2 4
3 9
11 121
22 484
101 10201
111 12321
121 14641
131 16B61

1 1
2 4
3 9
11 121
A1 2D2
22 484
53 B3B
BB 9CC9
101 10201
111 12321
121 14641
131 16B61

1 1
2 4
3 9
4 11
8 44
C 99
11 121
41 191
22 484
92 6B6
44 1331
15 1AA1
88 4CC4
99 6226
101 10201
111 12321
121 14641
131 16B61

1 1
2 4
3 9
11 121
22 484
101 10201
111 12321
121 14641

1 1
2 4
3 9
4 G
6 22
C 88
11 121
B1 2C2
22 484
G4 1771
66 2662
101 10201

1 1
2 4
3 9
4 G
11 121
22 484
D2 777
B3 D0D

1 1
2 4
3 9
4 G
A 55
11 121
22 484
33 9I9
73 B6B
AA 5FF5
BB 7117
3D 9229

1 1
2 4
3 9
4 G
11 121
22 484
52 515
33 9I9
DD 9669
