   1    1
  11    2
   3    3
  37    3
 111    3
 101    4
1111    4
  41    5
 271    5
   7    6
  13    6
  21    6
  33    6
  39    6
  77    6
  91    6
 143    6
 231    6
 259    6
 273    6
 407    6
 429    6
 481    6
 777    6
1001    6
1221    6
1443    6
2849    6
3003    6
3367    6
5291    6
8547    6
 239    7
4649    7
  73    8
 137    8
 803    8
1507    8
7373    8
   9    9
 333    9
 451   10
2981   10
9091   10
 303   12
 707   12
1313   12
2121   12
3333   12
3737   12
3939   12
7777   12
9191   12
9901   12
  53   13
  79   13
4187   13
2629   14
  31   15
  93   15
 123   15
 813   15
1147   15
1271   15
1517   15
3441   15
3813   15
4551   15
8401   15
  17   16
 187   16
1241   16
1717   16
2329   16
  19   18
  57   18
  63   18
  99   18
 117   18
 133   18
 171   18
 209   18
 247   18
 399   18
 627   18
 693   18
 703   18
 741   18
 819   18
1197   18
1287   18
1463   18
1729   18
1881   18
2109   18
2223   18
2331   18
2717   18
3663   18
4329   18
4389   18
4921   18
5187   18
6327   18
7733   18
8151   18
9009   18
9139   18
3541   20
4141   20
  43   21
 129   21
 717   21
1591   21
1933   21
4773   21
5799   21
8843   21
  23   22
 121   22
 253   22
2783   22
4093   22
8779   22
 219   24
 411   24
 511   24
 949   24
 959   24
1533   24
1781   24
2409   24
2701   24
2847   24
2877   24
4521   24
5069   24
5343   24
5621   24
6643   24
8103   24
 583   26
 859   26
 869   26
9449   26
  27   27
 757   27
 999   27
2271   27
6813   27
  29   28
 281   28
 319   28
2929   28
3091   28
6931   28
8149   28
3191   29
 211   30
 217   30
 241   30
 287   30
 341   30
 403   30
 533   30
 633   30
 651   30
 723   30
 861   30
1023   30
1209   30
1353   30
1477   30
1599   30
1687   30
1897   30
2161   30
2321   30
2387   30
2651   30
2743   30
2821   30
3133   30
3157   30
3523   30
3731   30
4431   30
4433   30
5061   30
5691   30
5863   30
6483   30
6541   30
6963   30
7161   30
7471   30
7807   30
7953   30
8029   30
8229   30
8463   30
8651   30
8897   30
8917   30
8943   30
9399   30
9471   30
9881   30
2791   31
 353   32
 449   32
 641   32
1409   32
3883   32
4939   32
6001   32
7051   32
7633   32
  67   33
 201   33
2479   33
7437   33
 103   34
1133   34
4013   34
  71   35
2911   35
9799   35
 909   36
1919   36
5757   36
6363   36
9999   36
 159   39
 237   39
1961   39
2923   39
5883   39
8769   39
2993   40
5617   40
  83   41
1231   41
  49   42
 127   42
 147   42
 301   42
 381   42
 473   42
 539   42
 559   42
 637   42
 889   42
 903   42
1397   42
1419   42
1617   42
1651   42
1673   42
1677   42
1813   42
1911   42
2107   42
2667   42
2689   42
3107   42
3311   42
3913   42
4191   42
4699   42
4953   42
5019   42
5439   42
5461   42
6149   42
6223   42
6321   42
7007   42
7887   42
8067   42
9321   42
9779   42
9933   42
 173   43
  89   44
 979   44
2047   44
2323   44
8989   44
 279   45
 369   45
2439   45
  47   46
 139   46
 517   46
1529   46
2531   46
6533   46
  51   48
 119   48
 221   48
 357   48
 561   48
 629   48
 663   48
1309   48
1547   48
1887   48
2431   48
3723   48
3927   48
4403   48
4641   48
5151   48
6919   48
6987   48
7293   48
8177   48
8687   48
 251   50
2761   50
5051   50
 613   51
1839   51
 521   52
5353   52
5731   52
7979   52
 107   53
 189   54
 297   54
 351   54
 513   54
2079   54
2457   54
3591   54
3861   54
5299   54
5643   54
6669   54
6993   54
8327   54
9841   54
1321   55
2117   56
3973   56
7841   56
  59   58
 649   58
  61   60
 183   60
 427   60
 671   60
 793   60
1281   60
1891   60
2013   60
2257   60
2379   60
2501   60
3131   60
4697   60
5551   60
5673   60
6161   60
6771   60
7503   60
8723   60
9393   60
 733   61
4637   61
 387   63
2151   63
2173   65
3239   65
  69   66
 161   66
 299   66
 363   66
 469   66
 483   66
 737   66
 759   66
 847   66
 851   66
 871   66
 897   66
1407   66
1541   66
1573   66
1771   66
2093   66
2211   66
2541   66
2553   66
2613   66
3289   66
4477   66
4623   66
4719   66
5159   66
5313   66
5957   66
6097   66
6279   66
8107   66
8349   66
9361   66
9581   66
9867   66
 277   69
 831   69
 781   70
 657   72
1233   72
1387   72
2603   72
3169   72
4161   72
4599   72
7227   72
7809   72
8541   72
8631   72
9507   72
9709   72
7253   74
 151   75
 453   75
4201   75
4681   75
5587   75
6191   75
5237   77
 157   78
 169   78
 371   78
 471   78
 507   78
 553   78
 689   78
1027   78
1099   78
1113   78
1183   78
1659   78
1727   78
1749   78
1859   78
2041   78
2067   78
2577   78
2607   78
3081   78
3297   78
3549   78
4081   78
4823   78
5181   78
5577   78
5809   78
6013   78
6083   78
6123   78
6253   78
6397   78
7189   78
7579   78
8321   78
8957   78
 317   79
6163   79
 697   80
4607   80
7667   80
  81   81
 163   81
 489   81
1467   81
2997   81
4401   81
6031   81
9397   81
 913   82
  87   84
 203   84
 377   84
 609   84
 843   84
 957   84
1073   84
1131   84
1247   84
1421   84
1967   84
2233   84
2639   84
3219   84
3653   84
3683   84
3741   84
4147   84
4263   84
4343   84
4949   84
5901   84
6699   84
7511   84
7917   84
8729   84
8787   84
9273   84
1903   86
4003   87
9573   87
 617   88
1679   88
3151   88
6497   88
6787   88
8833   88
 589   90
 779   90
1767   90
1899   90
1953   90
2169   90
2337   90
2583   90
3069   90
3627   90
4009   90
4059   90
4123   90
4579   90
4797   90
5149   90
5301   90
5453   90
6479   90
7011   90
7657   90
8569   90
 547   91
1289   92
4747   92
8373   93
6299   94
 191   95
7831   95
  97   96
 291   96
 679   96
1059   96
1067   96
1261   96
1347   96
1649   96
1923   96
2037   96
2471   96
3143   96
3201   96
3589   96
3783   96
4227   96
4487   96
4589   96
4947   96
5837   96
7081   96
7413   96
7469   96
8333   96
8827   96
9429   96
9797   96
9863   96
 197   98
2167   98
 199   99
 397   99
 597   99
 603   99
1191   99
1791   99
3573   99
7363   99
 309  102
 721  102
1339  102
2163  102
3399  102
3811  102
4017  102
4291  102
6743  102
7931  102
7969  102
9373  102
1031  103
3869  104
5767  104
7261  104
 213  105
1333  105
1763  105
2201  105
2627  105
3053  105
3999  105
5289  105
6603  105
7409  105
7881  105
8733  105
9159  105
1177  106
 643  107
 109  108
 327  108
 763  108
 981  108
1199  108
1417  108
2071  108
2289  108
2727  108
2943  108
3597  108
4033  108
4251  108
6213  108
6867  108
8393  108
9919  108
 331  110
 943  110
3641  110
4961  110
5171  110
6233  110
7613  110
1369  111
4107  111
 113  112
 493  112
1243  112
1921  112
3277  112
4063  112
4777  112
5423  112
8249  112
 227  113
 349  116
3839  116
5959  116
 477  117
 711  117
1889  118
2263  120
4247  120
4453  120
6789  120
8357  120
8979  120
8063  122
 249  123
3071  123
3693  123
9213  123
 751  125
 441  126
 817  126
 931  126
1143  126
2413  126
2451  126
2709  126
2793  126
4257  126
4541  126
4851  126
5031  126
5719  126
5733  126
7239  126
7353  126
8001  126
8379  126
8987  126
 519  129
6401  129
 131  130
1441  130
5371  130
6943  130
 267  132
 623  132
1157  132
1869  132
2937  132
3293  132
3471  132
5963  132
6141  132
6767  132
6853  132
6969  132
8099  132
9879  132
1597  133
 837  135
1107  135
7317  135
7519  136
2467  137
 141  138
 329  138
 417  138
 611  138
 973  138
 987  138
1551  138
1739  138
1807  138
1833  138
1939  138
2919  138
3047  138
3601  138
3619  138
4277  138
4587  138
5143  138
5217  138
5421  138
5817  138
6721  138
7593  138
9141  138
 421  140
1189  140
2059  140
4631  140
7171  140
7859  140
 283  141
 849  141
 153  144
 323  144
 969  144
1071  144
1683  144
1989  144
2261  144
2907  144
3553  144
4199  144
5661  144
6783  144
8929  144
 293  146
3223  146
 149  148
1639  148
3109  148
 753  150
1057  150
1661  150
1757  150
1963  150
3171  150
3263  150
4983  150
5271  150
5889  150
7781  150
8283  150
9287  150
9789  150
 907  151
 457  152
5027  152
 307  153
 921  153
2763  153
5517  153
 463  154
5093  154
5497  154
 311  155
1563  156
3121  156
3647  156
6773  156
9363  156
1423  158
3487  158
 321  159
3959  159
6763  161
 567  162
 891  162
1053  162
1141  162
1459  162
1539  162
1793  162
2119  162
3097  162
3423  162
4377  162
5379  162
6237  162
6357  162
7371  162
9291  162
8383  164
2077  165
2747  165
3963  165
6231  165
8241  165
 167  166
 997  166
1837  166
3139  168
3577  168
5891  168
6351  168
6713  168
9271  168
9417  168
4223  170
 347  173
 177  174
 413  174
 767  174
1239  174
1947  174
2183  174
2301  174
4543  174
5369  174
6549  174
8437  174
 391  176
1513  176
2057  176
4301  176
3187  177
9561  177
 179  178
1969  178
 359  179
 181  180
 543  180
 549  180
1159  180
1267  180
1629  180
1991  180
2353  180
3439  180
3477  180
3801  180
3843  180
5611  180
5973  180
6039  180
6697  180
7059  180
7137  180
7421  180
8113  180
6017  182
2199  183
2393  184
3431  184
6439  184
 373  186
1119  186
2611  186
4103  186
4849  186
7833  186
1161  189
6453  189
2101  190
 193  192
 579  192
 769  192
1351  192
2123  192
2307  192
2509  192
3281  192
4053  192
5383  192
6369  192
7141  192
7527  192
8459  192
9843  192
9997  192
 773  193
1643  195
1951  195
2449  195
4929  195
5853  195
6519  195
7347  195
9717  195
5713  196
 207  198
 437  198
1089  198
1273  198
1311  198
1393  198
1449  198
2189  198
2277  198
2299  198
2587  198
2691  198
2779  198
3059  198
3781  198
3819  198
3933  198
4179  198
4221  198
4367  198
4577  198
4807  198
5161  198
5681  198
6567  198
6633  198
6897  198
7543  198
7623  198
7659  198
7761  198
7839  198
8337  198
8911  198
9131  198
9177  198
 797  199
 401  200
1201  200
1601  200
4411  200
1609  201
4827  201
 607  202
 809  202
1213  202
6677  202
8899  202
 409  204
1227  204
2863  204
3061  204
4499  204
5317  204
8589  204
9183  204
1681  205
3403  205
1237  206
2493  207
 901  208
1249  208
1343  208
8857  208
9911  208
 497  210
 923  210
1491  210
1519  210
2009  210
2343  210
2769  210
3479  210
3937  210
4557  210
5207  210
5467  210
6027  210
6461  210
9017  210
9073  210
9331  210
1061  212
 853  213
2559  213
1499  214
7073  214
 431  215
7093  215
1971  216
3699  216
7957  216
 439  219
1317  219
 661  220
3649  220
7271  220
 443  221
 223  222
 669  222
1561  222
2453  222
2899  222
4663  222
4683  222
7359  222
8251  222
8697  222
9583  222
2677  223
 673  224
7403  224
1359  225
2497  226
4973  226
 229  228
 687  228
1603  228
2281  228
2519  228
2977  228
4789  228
4809  228
6843  228
7557  228
8473  228
8931  228
9161  229
 691  230
1927  230
5699  230
7601  230
2311  231
2881  231
6933  231
8643  231
 233  232
2563  232
4307  232
8083  232
 467  233
1007  234
1413  234
1501  234
1521  234
2983  234
3021  234
3211  234
3339  234
4503  234
4977  234
5247  234
6201  234
7049  234
7731  234
7821  234
8949  234
9063  234
9243  234
9633  234
9891  234
 951  237
 479  239
 527  240
1037  240
1581  240
2091  240
3111  240
3587  240
3689  240
4097  240
4879  240
5797  240
6851  240
7259  240
9061  240
1331  242
4357  242
 243  243
8991  243
 581  246
 739  246
1079  246
1743  246
2217  246
2739  246
3237  246
5173  246
6391  246
7553  246
8129  246
8617  246
9607  246
1483  247
1489  248
4483  249
8261  250
 261  252
 551  252
1009  252
1653  252
1827  252
2529  252
2871  252
3027  252
3393  252
3857  252
4959  252
5339  252
6061  252
7063  252
7163  252
9081  252
9657  252
1013  253
3037  253
3557  254
 257  256
2827  256
4369  256
1211  258
2249  258
3633  258
5709  258
6747  258
2591  259
 523  261
1569  261
4707  261
 263  262
2893  262
1851  264
2377  264
4319  264
4891  264
5037  264
7131  264
8021  264
9179  264
9453  264
4387  265
9613  267
 269  268
2959  268
4021  268
5697  270
5859  270
6481  270
6507  270
7749  270
9207  270
1627  271
 289  272
1751  272
3179  272
1093  273
1641  273
2279  273
3279  273
3397  273
6837  273
7151  275
 829  276
2487  276
3867  276
5803  276
9023  276
9119  276
 557  278
2503  278
6127  278
5183  280
9727  280
 563  281
1981  282
3113  282
3679  282
5943  282
9339  282
 569  284
6259  284
7669  284
 573  285
5921  285
7067  285
1219  286
1817  286
6413  286
9559  286
1723  287
 873  288
1843  288
3177  288
4041  288
5529  288
5769  288
6111  288
6707  288
8531  288
9603  288
1451  290
2419  290
1747  291
5241  291
 587  293
 343  294
 591  294
1029  294
1379  294
2561  294
3773  294
4137  294
4459  294
6501  294
7289  294
7683  294
8471  294
9653  294
1809  297
5373  297
2087  298
 599  299
 601  300
1803  300
4207  300
6611  300
7813  300
9211  300
9977  302
7769  304
1831  305
2441  305
 927  306
1957  306
2149  306
3377  306
3991  306
5833  306
5871  306
6447  306
6489  306
 667  308
2581  308
3509  308
6463  308
7337  308
3093  309
3421  310
 313  312
 939  312
2191  312
3443  312
4069  312
6573  312
1879  313
4397  314
 631  315
 639  315
1893  315
5679  315
5689  316
 749  318
1391  318
2247  318
3499  318
3531  318
4173  318
8239  318
9737  318
1929  321
 967  322
8181  324
8829  324
 653  326
7183  326
6059  328
 713  330
 993  330
2139  330
2317  330
2829  330
3751  330
4303  330
4853  330
4991  330
5543  330
6601  330
6951  330
7843  330
9247  330
9269  330
1987  331
 337  336
 339  336
 731  336
 791  336
 833  336
1011  336
1469  336
1479  336
2159  336
2193  336
2359  336
2373  336
2499  336
3451  336
3707  336
3729  336
4181  336
4381  336
4407  336
4859  336
5117  336
5537  336
5729  336
5763  336
6409  336
6477  336
7077  336
8041  336
8701  336
9163  336
9503  336
9773  336
9831  336
 677  338
7447  338
 681  339
8399  339
 683  341
 361  342
1083  342
2053  342
2527  342
3249  342
3971  342
4693  342
6159  342
7581  342
5521  345
8587  345
3817  346
9689  346
1047  348
2443  348
4537  348
7329  348
1431  351
2133  351
8119  352
5667  354
4999  357
3949  358
 719  359
1537  364
2291  364
 367  366
1101  366
2569  366
4037  366
4771  366
5131  366
7707  366
9529  366
3671  367
 799  368
2363  368
8789  368
 747  369
2969  371
5209  372
1493  373
2369  374
2253  375
 379  378
1137  378
1323  378
2653  378
3411  378
3429  378
4169  378
4927  378
7201  378
7959  378
8127  378
 761  380
1901  380
3041  380
8371  380
 383  382
4213  382
3457  384
1931  386
8503  386
1557  387
 389  388
4279  388
 393  390
 917  390
1703  390
2751  390
4061  390
4323  390
4847  390
4867  390
5109  390
5239  390
6437  390
6929  390
7039  391
 787  393
2361  393
 801  396
1691  396
5073  396
5607  396
8811  396
8767  398
4791  399
4267  400
6817  400
7237  402
1613  403
2511  405
3321  405
5053  405
6683  405
2857  408
8571  408
1637  409
7401  411
 827  413
4957  413
 423  414
 893  414
1251  414
2641  414
2679  414
2961  414
4653  414
5263  414
5499  414
6251  414
7923  414
8037  414
8757  414
9823  414
 419  418
4609  418
9637  418
 839  419
 899  420
1263  420
1769  420
2623  420
2697  420
2947  420
2989  420
3567  420
4331  420
5307  420
5473  420
6119  420
6177  420
6293  420
6989  420
7747  420
7869  420
8323  420
8711  420
8841  420
8967  420
9889  420
1693  423
2547  423
5079  423
7811  424
2551  425
5971  426
9383  426
3551  429
5293  429
1721  430
4741  430
3449  431
 433  432
 459  432
1299  432
1853  432
3031  432
3213  432
3897  432
4763  432
5049  432
5559  432
5629  432
5967  432
7361  432
8227  432
8721  432
9093  432
5197  433
 877  438
 879  438
2051  438
2631  438
3073  438
3809  438
4829  438
5707  438
6139  438
6153  438
9219  438
9647  438
9669  438
 881  440
9691  440
 883  441
2649  441
7947  441
4873  442
5459  442
8137  442
6203  443
 447  444
1043  444
1937  444
3129  444
4917  444
5513  444
5811  444
9327  444
2683  447
8049  447
2259  450
2869  450
4769  450
8607  450
9513  450
2721  453
 911  455
3763  455
5609  455
1371  456
3199  456
5941  456
9597  456
 919  459
2757  459
8271  459
8289  459
 461  460
5071  460
 989  462
1127  462
1389  462
2921  462
2967  462
3241  462
3283  462
3381  462
5203  462
5929  462
6019  462
6923  462
8317  462
8509  462
8763  462
9723  462
9849  462
 929  464
1003  464
3961  464
5933  464
 933  465
 961  465
2883  465
9641  465
5137  466
4689  468
9899  468
5641  470
 947  473
2219  474
4121  474
4269  474
6637  474
6657  474
9961  474
2381  476
2987  476
 963  477
5269  478
3007  480
3977  480
5917  480
9021  480
 487  486
1461  486
1701  486
2673  486
3159  486
3409  486
4383  486
4617  486
5357  486
6331  486
9253  486
 491  490
5401  490
8077  490
3929  491
 991  495
2973  495
6169  495
8159  495
8919  495
 499  498
 501  498
1169  498
1497  498
2171  498
2991  498
3493  498
3507  498
5489  498
5511  498
6179  498
6487  498
6513  498
6979  498
4001  500
 503  502
5533  502
7043  503
 529  506
1081  506
3197  506
5687  506
5819  506
 509  508
3049  508
5599  508
7621  508
3193  510
9579  510
1039  519
1041  519
3117  519
9563  520
 531  522
1121  522
3363  522
3661  522
3717  522
5753  522
5841  522
6799  522
6903  522
7847  522
9937  522
1049  524
6493  525
1139  528
1173  528
2737  528
3417  528
4539  528
5083  528
6171  528
7973  528
8211  528
2129  532
4399  533
6557  533
 537  534
1253  534
2327  534
3759  534
5907  534
6623  534
6981  534
1077  537
 541  540
1623  540
1647  540
3379  540
3787  540
4469  540
4869  540
4887  540
5951  540
6649  540
7033  540
3253  542
2597  546
3829  546
3871  546
6731  546
6751  546
7111  546
7267  546
7651  546
7693  546
7791  546
8281  546
5471  547
6597  549
5773  550
4409  551
1657  552
4971  552
7179  552
2213  553
3319  553
8849  553
9419  554
9973  554
1669  556
1117  558
3351  558
3357  558
7087  558
7819  558
9169  559
1207  560
4633  560
7157  560
8023  560
1123  561
3369  561
6193  562
1129  564
3387  564
7903  564
9307  565
1699  566
3483  567
7009  567
 571  570
1337  570
1713  570
2483  570
3997  570
4011  570
6281  570
6303  570
7423  570
7449  570
5711  571
4717  572
7031  572
1151  575
 577  576
1731  576
1737  576
3667  576
4039  576
5193  576
6347  576
6921  576
7501  576
9809  576
2319  579
1163  581
2333  583
1753  584
5329  584
6457  586
9947  588
 593  592
2533  592
6523  592
1187  593
 621  594
3267  594
4347  594
6831  594
7129  594
8073  594
9521  595
2391  597
2491  598
3713  598
6589  598
7367  598
8387  599
1203  600
2807  600
3603  600
4803  600
5213  600
8407  600
8421  600
3613  602
9649  603
1821  606
2427  606
3639  606
4249  606
5663  606
7891  606
8491  606
7333  611
3681  612
7771  612
2573  615
5043  615
7719  615
 619  618
1857  618
3711  618
4333  618
6809  618
7217  618
8047  618
8659  618
2477  619
7479  621
2669  624
2703  624
2873  624
3747  624
4029  624
5321  624
6307  624
8007  624
8619  624
8743  624
9401  624
5009  626
1349  630
2521  630
4047  630
4417  630
4473  630
6941  630
7029  630
7563  630
8203  630
8307  630
9443  630
7573  631
3181  636
3183  636
7427  636
9543  636
1277  638
1357  638
7139  638
1279  639
2557  639
3837  639
7671  639
7677  639
1283  641
4497  642
4501  642
8359  642
1363  644
4031  644
1293  645
5363  645
 647  646
7117  646
5913  648
1307  653
3919  653
1411  656
3951  657
 659  658
7249  658
1319  659
1403  660
1983  660
2759  660
4087  660
4209  660
4627  660
5429  660
7381  660
8277  660
8593  660
9821  660
1329  663
1993  664
2007  666
4237  666
8031  669
2011  670
2019  672
2813  672
4171  672
4711  672
4753  672
8439  672
8749  672
4077  675
1589  678
2951  678
4767  678
7491  678
8853  678
6791  679
1361  680
2729  682
7513  682
2061  684
4351  684
1373  686
2941  688
2809  689
5671  689
8453  689
1457  690
2073  690
4309  690
4371  690
4837  690
5781  690
8983  690
9917  690
4159  693
8557  693
 699  696
1631  696
3029  696
4893  696
7689  696
8621  696
9087  696
3491  698
1399  699
1401  699
2797  699
4197  699
8391  699
 701  700
7279  700
7711  700
4239  702
4563  702
8773  705
 709  708
2127  708
4963  708
7799  708
9217  708
2837  709
2131  710
8521  710
2853  711
1427  713
4429  714
5047  714
1437  717
7909  718
1439  719
3077  720
4743  720
6273  720
9231  720
9333  720
8677  723
 727  726
1453  726
2181  726
3993  726
4359  726
5089  726
7997  726
9317  726
9451  726
 729  729
1471  735
4413  735
1577  738
4731  738
5229  738
6651  738
8217  738
9711  738
1481  740
6109  740
4449  741
 743  742
8173  742
4467  744
7481  748
9167  748
5257  750
9763  750
4507  751
4519  753
3127  754
4661  754
1511  755
 783  756
3161  756
4687  756
5341  756
5481  756
7587  756
8613  756
9483  756
3039  759
9111  759
1523  761
6089  761
2287  762
6861  762
9517  765
 771  768
1799  768
3341  768
5397  768
8481  768
9509  768
1633  770
3851  770
8591  770
3287  774
9861  774
7773  777
1559  779
3233  780
4819  780
7991  780
9577  780
9699  780
4841  782
3349  784
 789  786
1841  786
3419  786
5509  786
5523  786
8657  786
8679  786
9731  786
5553  792
3317  795
9951  795
4801  800
4813  802
 807  804
1883  804
3497  804
5649  804
8877  804
9953  804
4831  805
 811  810
2433  810
5677  810
7299  810
8921  810
8111  811
 841  812
1711  812
9251  812
4881  813
6521  815
 867  816
2023  816
3757  816
5253  816
6069  816
6953  816
9537  816
4923  819
9837  819
 821  820
9031  820
 823  822
2469  822
5761  822
9053  822
9097  826
4969  828
7461  828
6847  830
3329  832
1667  833
1671  834
3899  834
7241  834
7509  834
9229  838
1689  843
3373  843
5377  846
1819  848
1707  852
3983  852
7397  852
5119  853
1719  855
6841  855
 857  856
9427  856
3611  858
3657  858
3887  858
5451  858
6007  858
8533  858
7741  860
3569  861
5169  861
 863  862
9493  862
2619  864
9531  864
1733  866
8681  868
1829  870
4353  870
5487  870
7257  870
8761  876
1759  879
1761  879
3517  879
5277  879
5627  880
1773  882
2647  882
3087  882
3743  882
6181  882
6517  882
7941  882
9713  882
 887  886
2659  886
9757  886
7339  890
5427  891
1787  893
6261  894
1797  897
1801  900
5403  900
5409  900
1909  902
1849  903
5547  903
7439  903
6349  906
5443  907
3637  909
9301  910
3893  912
5493  915
7323  915
2749  916
2781  918
6433  918
1943  924
2001  924
3827  924
4361  924
4621  924
4669  924
5829  924
6469  924
7743  924
8671  924
5557  926
9279  927
9281  928
2177  930
4043  930
6531  930
6727  930
1867  933
3733  933
5601  933
1871  935
 937  936
2811  936
2817  936
5947  936
6559  936
8433  936
1877  938
5637  939
 941  940
1917  945
3979  946
3797  949
 953  952
1907  953
2033  954
6099  954
6741  954
9551  955
5983  960
7913  960
3853  963
5787  963
5791  965
2021  966
2303  966
2901  966
5969  966
5977  966
6063  966
6769  966
6811  966
6909  966
3877  969
 971  970
4861  972
8003  975
 977  976
1959  978
4571  978
8489  978
 983  982
2953  984
8859  984
1973  986
6077  986
2979  990
6289  990
6417  990
6937  990
8487  990
5961  993
1997  998
1999  999
5997  999
2003 1001
1017 1008
2147 1008
3033 1008
4437 1008
6403 1008
6441 1008
6579 1008
7119 1008
7497 1008
9367 1008
4183 1012
2027 1013
6079 1013
2031 1014
2197 1014
4739 1014
6591 1014
8801 1014
2043 1017
1019 1018
7127 1018
2039 1019
1021 1020
3063 1020
6283 1020
7147 1020
8161 1020
2049 1023
6151 1025
9747 1026
6241 1027
7211 1030
1033 1032
3099 1032
7231 1032
4133 1033
4321 1036
2429 1038
4511 1038
7273 1038
7287 1038
2081 1040
2227 1040
2083 1041
6249 1041
8329 1041
2089 1044
3141 1044
6267 1044
6631 1044
6271 1045
9433 1048
1051 1050
3153 1050
7357 1050
7399 1050
5261 1052
4293 1053
6399 1053
8639 1053
2111 1055
2231 1056
6499 1056
6693 1056
8633 1056
4241 1060
1063 1062
3189 1062
6373 1062
7441 1062
9567 1062
4253 1063
1069 1068
3207 1068
7483 1068
6427 1071
3217 1072
4573 1072
2513 1074
4667 1074
7539 1074
3229 1076
8609 1076
2157 1077
4531 1078
7589 1084
1087 1086
3261 1086
7609 1086
6529 1088
1091 1090
6547 1091
4553 1092
4611 1092
4901 1092
6873 1092
4373 1093
1097 1096
3303 1098
6973 1098
2203 1101
6609 1101
1103 1102
2397 1104
4709 1104
5593 1104
7089 1104
2241 1107
1109 1108
6913 1110
9143 1110
4601 1113
8907 1113
2237 1118
2239 1119
4479 1119
6717 1119
2243 1121
6901 1122
7107 1122
7861 1122
4493 1123
6759 1125
9001 1125
9041 1130
2267 1133
3969 1134
7987 1134
9673 1136
2283 1140
5327 1140
5703 1140
7099 1140
9123 1140
9389 1140
9893 1140
1149 1146
2293 1146
2681 1146
4979 1146
6879 1146
8043 1146
2407 1148
6907 1151
1153 1152
3459 1152
8071 1152
4757 1155
5411 1158
5793 1158
9553 1160
4671 1161
1167 1164
2723 1164
5057 1164
8169 1164
2461 1166
4981 1168
1171 1170
1179 1170
2489 1170
3513 1170
7467 1170
8197 1170
8253 1170
7027 1171
2347 1173
7041 1173
2351 1175
2357 1178
7083 1179
1181 1180
4729 1182
4733 1183
9827 1185
2403 1188
2507 1188
7303 1188
7521 1188
9701 1188
7313 1190
1193 1192
3583 1194
5579 1194
2399 1199
2567 1200
7701 1200
5017 1204
4839 1209
7533 1215
9963 1215
1217 1216
2437 1218
2537 1218
2891 1218
7311 1218
7493 1218
7611 1218
8673 1218
4877 1219
6101 1220
1223 1222
7351 1225
4911 1227
1229 1228
3691 1230
2599 1232
3697 1232
7871 1232
2481 1239
9929 1241
1269 1242
3753 1242
8883 1242
3739 1246
5141 1248
7663 1248
1257 1254
2933 1254
5447 1254
8799 1254
2517 1257
1259 1258
3789 1260
5249 1260
7783 1260
7999 1260
8091 1260
8869 1260
3793 1264
5389 1264
7603 1267
7641 1269
5081 1270
3823 1274
7653 1275
5251 1276
8027 1276
8953 1278
7723 1287
1291 1290
3017 1290
3873 1290
5163 1290
5603 1290
9037 1290
9051 1290
1297 1296
1377 1296
2771 1296
3891 1296
8313 1296
9079 1296
9639 1296
6491 1298
1301 1300
1303 1302
3909 1302
9121 1302
2609 1304
3931 1310
2637 1314
5567 1314
7893 1314
8341 1314
6581 1316
2643 1320
6167 1320
1327 1326
3101 1326
3981 1326
5759 1326
9289 1326
9303 1326
2839 1328
1341 1332
2831 1332
8493 1332
9387 1332
5333 1333
2773 1334
8201 1334
2671 1335
8013 1335
5597 1344
8299 1344
9457 1344
2693 1346
8089 1348
6777 1350
2707 1353
5561 1353
8121 1353
2711 1355
6781 1356
2719 1359
5437 1359
8157 1359
8163 1359
2733 1365
8191 1365
1367 1366
4113 1368
8683 1368
5477 1369
1381 1380
1383 1380
2867 1380
3227 1380
4143 1380
5993 1380
8479 1380
8601 1380
9661 1380
9667 1380
9681 1380
4167 1386
8797 1386
8901 1386
9751 1386
2787 1392
3009 1392
5569 1392
6503 1392
7021 1392
8549 1394
2799 1395
8649 1395
3269 1398
6071 1398
9793 1398
9807 1398
2801 1400
2803 1401
8409 1401
5777 1404
8611 1404
2841 1419
2843 1421
6023 1422
5693 1423
3043 1424
4273 1424
1429 1428
4287 1428
7143 1428
8961 1428
5717 1429
3013 1430
2889 1431
1433 1432
4297 1432
8599 1433
3353 1434
6227 1434
5893 1435
2879 1439
1447 1446
4341 1446
5801 1450
5989 1456
8927 1456
9299 1456
2917 1458
5103 1458
8019 1458
8751 1458
9477 1458
5849 1462
7331 1466
8803 1467
1473 1470
3437 1470
6107 1470
6383 1470
2957 1478
2963 1481
3103 1484
1487 1486
8923 1487
6341 1488
1503 1494
3173 1494
4491 1494
8973 1494
9481 1494
9519 1494
2999 1499
3001 1500
9003 1500
4513 1504
1509 1506
3521 1506
6539 1506
4549 1516
1587 1518
3149 1518
3243 1518
3703 1518
6371 1518
6877 1518
7091 1518
7567 1518
9313 1518
9447 1518
9591 1518
3247 1520
9133 1522
1527 1524
3563 1524
6617 1524
9147 1524
9151 1525
1531 1530
4593 1530
3067 1533
6133 1533
9201 1533
3079 1539
9237 1539
6319 1540
9599 1540
9683 1540
3083 1541
1543 1542
4629 1542
3089 1544
9283 1547
1549 1548
4647 1548
1553 1552
4657 1552
6613 1552
9589 1554
3123 1557
9351 1557
3119 1559
9703 1560
1567 1566
1593 1566
4701 1566
9403 1567
6277 1569
1571 1570
3147 1572
7343 1572
9439 1573
1579 1578
4737 1578
3163 1581
9489 1581
1583 1582
3383 1584
3519 1584
6749 1584
7429 1584
9511 1585
6361 1590
6387 1596
6641 1596
9847 1596
3203 1601
1611 1602
3401 1602
3209 1604
1607 1606
6739 1606
3337 1610
9869 1610
3231 1611
6449 1612
9679 1613
1619 1618
1621 1620
4863 1620
4941 1620
8101 1620
9943 1620
6757 1624
9759 1626
3427 1628
9991 1632
4903 1634
3271 1635
9813 1635
4909 1636
6569 1642
3473 1650
3307 1653
9921 1653
6639 1659
9957 1659
3323 1661
1663 1662
4989 1662
4993 1664
5007 1668
5011 1670
6689 1672
3347 1673
5023 1674
3359 1679
3361 1680
3503 1680
3621 1680
6893 1680
8449 1680
3941 1686
7319 1686
6761 1690
3391 1695
7037 1695
1697 1696
5097 1698
5101 1700
5113 1704
3413 1706
1709 1708
3629 1710
5139 1710
4067 1722
3453 1725
5211 1728
3467 1733
6957 1737
7291 1738
1741 1740
3599 1740
5223 1740
3489 1743
6997 1749
6999 1749
7169 1749
7001 1750
5259 1752
3511 1755
4109 1758
7631 1758
3529 1764
3533 1766
3547 1773
1777 1776
1779 1776
3791 1776
4151 1776
5331 1776
7599 1776
7709 1776
3559 1779
3561 1779
1783 1782
1863 1782
3749 1782
5349 1782
9801 1782
1789 1788
5367 1788
7173 1791
7453 1792
4193 1794
7379 1794
7473 1794
7787 1794
7943 1794
3609 1800
7619 1800
5407 1802
7213 1803
7387 1804
8477 1806
3859 1808
1811 1810
3631 1815
5463 1818
7281 1818
3799 1820
3643 1821
1823 1822
3841 1826
3677 1838
7837 1840
7369 1842
1847 1846
5571 1854
7597 1855
7431 1857
3719 1859
1861 1860
5583 1860
1873 1872
5619 1872
7489 1872
8109 1872
7801 1876
3761 1880
5647 1882
7529 1882
3769 1884
3901 1886
7561 1890
3803 1901
8381 1904
9549 1908
1913 1912
7649 1912
3831 1914
3953 1914
4071 1914
8939 1914
9499 1914
7681 1920
3849 1923
7897 1924
7717 1929
4089 1932
8033 1932
9541 1932
3879 1935
1941 1938
4529 1938
8411 1938
7757 1939
3881 1940
3889 1944
1949 1948
5851 1950
3907 1953
3911 1955
3917 1958
4117 1958
3921 1959
3923 1961
4233 1968
9877 1968
3947 1973
1977 1974
4613 1974
8567 1974
3957 1977
1979 1978
8131 1978
4163 1980
5949 1980
5953 1984
9941 1988
3987 1989
5979 1992
8213 1995
6021 1998
8009 2002
6033 2010
4027 2013
2017 2016
6051 2016
6057 2016
8081 2020
4049 2024
2029 2028
6087 2028
8117 2029
4189 2030
6091 2030
8653 2032
4313 2034
4079 2039
4083 2040
9527 2040
8497 2044
4781 2046
8187 2046
8579 2046
8879 2046
6183 2052
4111 2055
2401 2058
4119 2058
7203 2058
9611 2058
2063 2062
4129 2064
8823 2064
8427 2067
2069 2068
6219 2070
8293 2073
6229 2076
4157 2078
2097 2088
4427 2088
4393 2090
4471 2096
4203 2097
2099 2098
2103 2100
4379 2100
4907 2100
9113 2100
2113 2112
4439 2112
6339 2112
4231 2115
4243 2121
6381 2124
6379 2126
8511 2127
6393 2130
8559 2133
4271 2135
2137 2136
6411 2136
4281 2139
2141 2140
6421 2140
4283 2141
2143 2142
6429 2142
4289 2144
8597 2149
6451 2150
4311 2151
2153 2152
5033 2154
9347 2154
4317 2157
8851 2158
9197 2160
2209 2162
8689 2172
8881 2173
2179 2178
6537 2178
6543 2178
4363 2181
9077 2184
2187 2187
9083 2190
6577 2192
4391 2195
9223 2200
6607 2202
2207 2206
4559 2208
4489 2211
9193 2212
2221 2220
4441 2220
4443 2220
4619 2220
6663 2220
9089 2220
8893 2223
9469 2224
2229 2226
5201 2226
5243 2226
9659 2226
8933 2233
4481 2240
9407 2244
2251 2250
6753 2250
9013 2253
9259 2254
4811 2256
4517 2258
4523 2261
9263 2262
9381 2262
9971 2262
4533 2265
2269 2268
2349 2268
4727 2268
6807 2268
2273 2272
4547 2273
9117 2277
4561 2280
4569 2283
4591 2295
2297 2296
4597 2298
4603 2301
9209 2302
2313 2304
4883 2304
2309 2308
4899 2310
9487 2314
4639 2319
4643 2321
9293 2323
4843 2324
9523 2332
4677 2337
2339 2338
4679 2339
2341 2340
7023 2340
9593 2340
5831 2352
2367 2358
4997 2358
4721 2360
4723 2361
2371 2370
7113 2370
9761 2373
4751 2375
4897 2378
4759 2379
2383 2382
7149 2382
9533 2383
2389 2388
7167 2388
4787 2393
4799 2399
2411 2410
2421 2412
5111 2412
2417 2416
9677 2419
2423 2422
7297 2432
9733 2433
4871 2435
2523 2436
5133 2436
5887 2436
5029 2438
5129 2442
4889 2444
2447 2446
2601 2448
5219 2448
5491 2448
2459 2458
4919 2459
2463 2460
5063 2460
5747 2460
4933 2466
7407 2466
2473 2472
7417 2472
7419 2472
4951 2475
5789 2478
5287 2480
5123 2484
5041 2485
5221 2486
5177 2490
5191 2492
4987 2493
9987 2496
5001 2499
5003 2501
5013 2502
5267 2508
7537 2512
5873 2514
7549 2516
5039 2519
5067 2529
2539 2538
5077 2538
7617 2538
2543 2542
5457 2544
2549 2548
5359 2552
5107 2553
5121 2556
5157 2565
2571 2568
5999 2568
5147 2573
5311 2576
2579 2578
2589 2586
6041 2586
2593 2592
7779 2592
7857 2592
7789 2596
5199 2598
5227 2613
5231 2615
2617 2616
7851 2616
2621 2620
2633 2632
5283 2637
5279 2639
5281 2640
5319 2646
9261 2646
2657 2656
2661 2658
6209 2658
7977 2658
5539 2660
5323 2661
2663 2662
7993 2664
5549 2670
8011 2670
5347 2673
5351 2675
5361 2679
2687 2686
5391 2691
5387 2693
2699 2698
5399 2699
5413 2706
5727 2706
2713 2712
8139 2712
5431 2715
5441 2720
8167 2722
5449 2724
2731 2730
5633 2730
6377 2730
6419 2730
8193 2730
6137 2736
5479 2739
2741 2740
8221 2740
5483 2741
8247 2748
2753 2752
5507 2753
8343 2754
5519 2759
2767 2766
8301 2766
5899 2768
5771 2772
6003 2772
2777 2776
5563 2781
5723 2784
5573 2786
2789 2788
5909 2790
5591 2795
5613 2805
8419 2806
8451 2808
5631 2814
5911 2816
2819 2818
5639 2819
2823 2820
6587 2820
8461 2820
5653 2826
2833 2832
8499 2832
5751 2835
6629 2838
5683 2841
8527 2842
8539 2846
2851 2850
8553 2850
2859 2856
6671 2856
5721 2859
2861 2860
8581 2860
6103 2864
8629 2876
6049 2882
2887 2886
8661 2886
2897 2896
8703 2898
2903 2902
5813 2906
2909 2908
2913 2910
6797 2910
8737 2912
5827 2913
5839 2919
5843 2921
2927 2926
2931 2928
6239 2928
6839 2928
5867 2933
5877 2934
2939 2938
5879 2939
5881 2940
2949 2946
6881 2946
6187 2948
5919 2958
5923 2961
2971 2970
8913 2970
8937 2970
8941 2980
6157 2990
6647 2992
5987 2993
5991 2994
9007 3002
6009 3003
3011 3010
3019 3018
6037 3018
9057 3018
6043 3021
3023 3022
3051 3024
6443 3024
9099 3024
6053 3026
6067 3033
6081 3039
6093 3042
9127 3042
6129 3051
3057 3054
7133 3054
6511 3056
6117 3057
6121 3060
9181 3060
9189 3060
6147 3069
6313 3074
6173 3086
9297 3096
6197 3098
6199 3099
6509 3102
6407 3108
6467 3108
7301 3108
9337 3112
6593 3114
9349 3116
6243 3120
6681 3120
6431 3132
9423 3132
3137 3136
9459 3150
9463 3154
6311 3155
6317 3158
6323 3161
6329 3164
6583 3164
6333 3165
3167 3166
6359 3179
6527 3180
9621 3204
9619 3206
9651 3216
3221 3220
6821 3222
9687 3228
6471 3231
7889 3234
6667 3248
3251 3250
3257 3256
3259 3258
9777 3258
9783 3258
3273 3270
7637 3270
6551 3275
6563 3281
9859 3286
3291 3288
7679 3288
9909 3294
3299 3298
6599 3299
3301 3300
9903 3300
3309 3306
7721 3306
3313 3312
7191 3312
9939 3312
6723 3321
3327 3324
7763 3324
6653 3326
3331 3330
9993 3330
6679 3339
3343 3342
7123 3344
6711 3354
6719 3359
6887 3360
6729 3363
6733 3366
7061 3366
3371 3370
3389 3388
6801 3399
6803 3401
6889 3403
7003 3404
3407 3406
7153 3410
6827 3413
6849 3420
3481 3422
3433 3432
7199 3432
6871 3435
3447 3438
7277 3438
7327 3440
6883 3441
7221 3444
7097 3450
8057 3450
6911 3455
6917 3458
3461 3460
3463 3462
3469 3468
6947 3473
6959 3479
6961 3480
7223 3480
7181 3486
8141 3486
8183 3486
3501 3492
7391 3492
6991 3495
7383 3498
7463 3504
7013 3506
3537 3510
7053 3525
3527 3526
7071 3534
7531 3536
3539 3538
7079 3539
3543 3540
8267 3540
8309 3558
7121 3560
7209 3564
3571 3570
3579 3576
8351 3576
7159 3579
3581 3580
3593 3592
7187 3593
7197 3597
3607 3606
3617 3616
7243 3621
3623 3622
7283 3641
3651 3648
8519 3648
7307 3653
3659 3658
3721 3660
7321 3660
3669 3666
8561 3666
7627 3668
3673 3672
3687 3684
8603 3684
7571 3696
7751 3696
7797 3696
3701 3700
3709 3708
7443 3717
3727 3726
3807 3726
7661 3726
7939 3728
7477 3738
7697 3738
8771 3738
7507 3753
7517 3758
7523 3761
3771 3762
7961 3762
8303 3762
3767 3766
7729 3770
7551 3771
7547 3773
3777 3774
8813 3774
3779 3778
7559 3779
7739 3780
7591 3795
7981 3806
7849 3818
7639 3819
3821 3820
7643 3821
8143 3824
3833 3832
7967 3840
3847 3846
8981 3846
3863 3862
8189 3870
7759 3879
4131 3888
8279 3888
3903 3900
9107 3900
7827 3912
7921 3916
9149 3918
8347 3920
7853 3926
8153 3930
7867 3933
8051 3936
7877 3938
8257 3938
7879 3939
7883 3941
3943 3942
7911 3942
8207 3948
7907 3953
9233 3954
7919 3959
7929 3960
3967 3966
7933 3966
7951 3975
8417 3978
7963 3981
8483 3984
8517 3984
3989 3988
9359 3990
4023 3996
8319 4002
4007 4006
8551 4016
4019 4018
8039 4019
8339 4020
8053 4026
8441 4026
8079 4038
8093 4046
8993 4048
4051 4050
4057 4056
8123 4061
8133 4065
4073 4072
8147 4073
8959 4080
4091 4090
8413 4094
8199 4095
4099 4098
4101 4098
9569 4098
8209 4104
8231 4115
8237 4118
8243 4121
4127 4126
4139 4138
4149 4140
8507 4140
8759 4140
4153 4152
8311 4155
8717 4158
4177 4176
8361 4176
8891 4176
9027 4176
8363 4181
8369 4184
8397 4185
8873 4194
8403 4200
8809 4202
4211 4210
8431 4215
4217 4216
4219 4218
8443 4221
4229 4228
8467 4233
8523 4257
4259 4258
4261 4260
8529 4263
8947 4268
9129 4272
9989 4278
8563 4281
8903 4284
8573 4286
8777 4290
9039 4290
8791 4292
8667 4293
4299 4296
9101 4302
8627 4313
8637 4317
8641 4320
4327 4326
4337 4336
4339 4338
9019 4340
8693 4346
4349 4348
8909 4350
8707 4353
8719 4359
8977 4370
8747 4373
4419 4410
9329 4410
8831 4415
9071 4416
8837 4418
8839 4419
4421 4420
4423 4422
9047 4428
8867 4433
8871 4434
8889 4443
4447 4446
4451 4450
9309 4452
4457 4456
4461 4458
4463 4462
8951 4475
8963 4481
4509 4482
8969 4484
9571 4496
8997 4497
8999 4499
4527 4518
9557 4518
9043 4521
9049 4524
9067 4533
4761 4554
9353 4554
9729 4554
9707 4560
9741 4560
4567 4566
4581 4572
9671 4572
9157 4578
4583 4582
9173 4586
9379 4592
9187 4593
9199 4599
9203 4601
9227 4613
9239 4619
9241 4620
9249 4623
4913 4624
9267 4632
9277 4638
4651 4650
9311 4655
4659 4656
9319 4659
9323 4661
9369 4671
4673 4672
9357 4677
9979 4688
4691 4690
9391 4695
4779 4698
9617 4698
4703 4702
9413 4706
4713 4710
9431 4715
9441 4716
9437 4718
9913 4730
9467 4733
9479 4739
4749 4746
9959 4752
9547 4773
4783 4782
4793 4792
9587 4793
9601 4800
9609 4803
4833 4806
9627 4812
9853 4814
9631 4815
4817 4816
4821 4818
9643 4821
9693 4833
4857 4854
9719 4859
9721 4860
9769 4884
9983 4884
9787 4893
9791 4895
9803 4901
9839 4919
4931 4930
9871 4935
4937 4936
9883 4941
4943 4942
9907 4953
9923 4961
4967 4966
9969 4983
5021 5020
5059 5058
5087 5086
5091 5088
5099 5098
5127 5124
5153 5152
5167 5166
5179 5178
5189 5188
5233 5232
5273 5272
5297 5296
5303 5302
5309 5308
5337 5328
5589 5346
5381 5380
5393 5392
5417 5416
5419 5418
5433 5430
5469 5466
5501 5500
5503 5502
5527 5526
5531 5530
5541 5538
5581 5580
5623 5622
5651 5650
5657 5656
5659 5658
5669 5668
5701 5700
5737 5736
5739 5736
5741 5740
5743 5742
5749 5748
5779 5778
5783 5782
5807 5806
5823 5814
5821 5820
5847 5844
5857 5856
5861 5860
5869 5868
5897 5896
5903 5902
5931 5922
5927 5926
5937 5934
5939 5938
5981 5980
6011 6010
6029 6028
6047 6046
6073 6072
6113 6112
6131 6130
6143 6142
6189 6186
6207 6204
6211 6210
6217 6216
6221 6220
6247 6246
6257 6256
6263 6262
6291 6264
6269 6268
6287 6286
6297 6294
6301 6300
6309 6300
6337 6336
6343 6342
6353 6352
6367 6366
6389 6388
6423 6420
6459 6456
6473 6472
6627 6486
6859 6498
6553 6552
6561 6561
6571 6570
6619 6618
6621 6618
6659 6658
6661 6660
6673 6672
6687 6678
6691 6690
6701 6700
6703 6702
6709 6708
6737 6736
6779 6778
6793 6792
7047 6804
6819 6816
6823 6822
6829 6828
6833 6832
6857 6856
6863 6862
6869 6868
6891 6888
6899 6898
6939 6912
6927 6924
6949 6948
6967 6966
6971 6970
6977 6976
6983 6982
7017 7014
7019 7018
7057 7056
7069 7068
7101 7074
7103 7102
7109 7108
7177 7176
7193 7192
7207 7206
7219 7218
7229 7228
7233 7230
7263 7236
7247 7246
7251 7248
7269 7266
7309 7308
7569 7308
7341 7338
7803 7344
7349 7348
7377 7374
7389 7380
7393 7392
7411 7410
7433 7432
7451 7450
7457 7456
7459 7458
7487 7486
7499 7498
7541 7540
7577 7576
7583 7582
7607 7606
7629 7626
7647 7644
7673 7672
7687 7686
7691 7690
7699 7698
7703 7702
7713 7704
7727 7726
7737 7734
7753 7752
7767 7758
7793 7792
7817 7816
7823 7822
7829 7828
7863 7860
7873 7872
7899 7896
7901 7900
7927 7926
7937 7936
7949 7948
7971 7968
7983 7974
7989 7986
8017 8016
8059 8058
8061 8058
8069 8068
8087 8086
8097 8094
8171 8170
8179 8178
8219 8218
8223 8220
8233 8232
8259 8256
8263 8262
8269 8268
8273 8272
8287 8286
8291 8290
8297 8296
8331 8328
8353 8352
8367 8364
8377 8376
8389 8388
8423 8422
8429 8428
8447 8446
8457 8454
8469 8460
8501 8500
8513 8512
8537 8536
8543 8542
8577 8568
8583 8580
8623 8622
8647 8646
8663 8662
8669 8668
8691 8688
8699 8698
8709 8706
8713 8712
8727 8724
8731 8730
8739 8730
8741 8740
8753 8752
8781 8778
8783 8782
8793 8784
8807 8806
8817 8814
8819 8818
8821 8820
8847 8838
8861 8860
8863 8862
8887 8886
8971 8970
9011 9010
9029 9028
9033 9030
9059 9058
9069 9066
9153 9072
9103 9102
9109 9108
9137 9136
9171 9162
9221 9220
9257 9256
9409 9312
9341 9340
9343 9342
9371 9370
9377 9376
9411 9408
9421 9420
9461 9460
9473 9472
9491 9490
9497 9496
9501 9498
9539 9538
9623 9622
9629 9628
9663 9660
9697 9696
9739 9738
9743 9742
9749 9748
9753 9750
9767 9766
9771 9768
9781 9780
9811 9810
9819 9810
9817 9816
9829 9828
9833 9832
9851 9850
9857 9856
9873 9864
9887 9886
9897 9894
9927 9918
9931 9930
9949 9948
9967 9966
9981 9972
